#,0,1,2,3,4,5
0,0.000,0.230,0.220,0.370,0.340,0.230
1,0.230,0.000,0.150,0.200,0.140,0.250
2,0.220,0.150,0.000,0.150,0.280,0.110
3,0.370,0.200,0.150,0.000,0.290,0.220
4,0.340,0.140,0.280,0.290,0.000,0.390
5,0.230,0.250,0.110,0.220,0.390,0.000
